<svg
            viewBox="0 0 1600 1600"
            xmlns="http://www.w3.org/2000/svg"
            xmlns:xlink="http://www.w3.org/1999/xlink"
            width="100%"
            id="blobSvg"
            class="shape"
          >
            <mask id="mask3" mask-type="alpha">
              <path>
                <animate
                  attributeName="d"
                  values="M691.500,1.500 C1072.576,1.500 1381.500,314.677 1381.500,701.000 C1381.500,1087.323 1072.576,1400.500 691.500,1400.500 C310.424,1400.500 1.500,1087.323 1.500,701.000 C1.500,314.677 310.424,1.500 691.500,1.500 Z"
                ></animate>
              </path>
            </mask>
            <g mask="url(#mask3)">
              <path>
                <animate
                  attributeName="d"
                  values="M691.500,1.500 C1072.576,1.500 1381.500,314.677 1381.500,701.000 C1381.500,1087.323 1072.576,1400.500 691.500,1400.500 C310.424,1400.500 1.500,1087.323 1.500,701.000 C1.500,314.677 310.424,1.500 691.500,1.500 Z"
                ></animate>
              </path>
              <!-- Import your Image  -->
              <image
                class="shape-img"
                x="-300"
                y="0"
                href="./images/img-1.jpg"
              />
            </g>
          </svg>
          <svg
            viewBox="0 0 900 900"
            xmlns="http://www.w3.org/2000/svg"
            xmlns:xlink="http://www.w3.org/1999/xlink"
            width="100%"
            id="blobSvg"
            class=""
          >
            <mask id="mask0" mask-type="alpha">
              <path>
                <animate
                  attributeName="d"
                  repeatCount="indefinite"
                  values="M93.000,389.000 L13.000,436.000 C13.000,436.000 -11.395,455.604 7.000,470.000 C25.395,484.396 25.000,484.000 25.000,484.000 L71.000,509.000 L98.000,526.000 C98.000,526.000 118.178,544.185 111.000,574.000 C103.822,603.815 74.000,643.000 74.000,643.000 L61.000,665.000 C61.000,665.000 53.795,680.103 71.998,693.013 C86.657,703.409 124.990,694.068 125.000,694.000 L173.000,692.000 C173.000,692.000 217.299,693.360 216.000,731.000 C214.701,768.640 215.000,769.000 215.000,769.000 L216.000,830.000 C216.000,830.000 211.940,871.789 255.000,846.000 C298.060,820.211 334.000,798.000 334.000,798.000 C334.000,798.000 365.743,780.311 383.000,813.000 C400.257,845.689 427.000,887.000 427.000,887.000 L434.000,896.000 C434.000,896.000 465.860,913.668 488.000,870.000 C510.140,826.332 525.715,770.260 576.000,801.000 C626.285,831.740 626.000,832.000 626.000,832.000 L658.000,849.000 C658.000,849.000 692.275,853.144 691.000,821.000 C689.725,788.856 692.000,718.000 692.000,718.000 C692.000,718.000 693.112,689.019 753.000,693.000 C812.888,696.981 859.279,708.612 841.000,657.000 C822.721,605.388 798.000,584.000 798.000,584.000 C798.000,584.000 764.216,546.026 813.000,521.000 C861.784,495.974 896.000,471.000 896.000,471.000 C896.000,471.000 915.897,438.780 882.000,427.000 C848.103,415.220 848.000,415.000 848.000,415.000 L800.000,381.000 C800.000,381.000 786.123,351.665 804.000,321.000 C821.877,290.335 840.000,260.000 840.000,260.000 C840.000,260.000 854.890,221.103 826.000,218.000 C797.110,214.897 727.000,220.000 727.000,220.000 C727.000,220.000 689.544,205.798 690.000,167.000 C690.456,128.202 689.000,86.000 689.000,86.000 C689.000,86.000 701.753,34.627 654.000,61.000 C606.247,87.373 606.000,87.000 606.000,87.000 L556.000,115.000 C556.000,115.000 527.381,113.002 516.000,93.000 C504.619,72.998 471.000,12.000 471.000,12.000 C471.000,12.000 450.205,-13.834 434.000,13.000 C417.795,39.834 418.000,40.000 418.000,40.000 L417.000,40.000 L398.000,77.000 C398.000,77.000 370.011,119.006 348.000,116.000 C325.989,112.994 280.000,82.000 280.000,82.000 L247.000,63.000 C247.000,63.000 217.628,53.975 216.000,82.000 C214.372,110.025 216.000,184.000 216.000,184.000 C216.000,184.000 206.915,218.334 175.000,218.000 C143.085,217.666 89.000,217.000 89.000,217.000 C89.000,217.000 34.554,214.862 59.000,259.000 C83.446,303.138 109.000,344.000 109.000,344.000 C109.000,344.000 112.455,368.173 104.000,378.000 C95.545,387.827 93.000,389.000 93.000,389.000 Z"
                ></animate>
              </path>
            </mask>
            <g mask="url(#mask0)">
              <path>
                <animate
                  attributeName="d"
                  values="M93.000,389.000 L13.000,436.000 C13.000,436.000 -11.395,455.604 7.000,470.000 C25.395,484.396 25.000,484.000 25.000,484.000 L71.000,509.000 L98.000,526.000 C98.000,526.000 118.178,544.185 111.000,574.000 C103.822,603.815 74.000,643.000 74.000,643.000 L61.000,665.000 C61.000,665.000 53.795,680.103 71.998,693.013 C86.657,703.409 124.990,694.068 125.000,694.000 L173.000,692.000 C173.000,692.000 217.299,693.360 216.000,731.000 C214.701,768.640 215.000,769.000 215.000,769.000 L216.000,830.000 C216.000,830.000 211.940,871.789 255.000,846.000 C298.060,820.211 334.000,798.000 334.000,798.000 C334.000,798.000 365.743,780.311 383.000,813.000 C400.257,845.689 427.000,887.000 427.000,887.000 L434.000,896.000 C434.000,896.000 465.860,913.668 488.000,870.000 C510.140,826.332 525.715,770.260 576.000,801.000 C626.285,831.740 626.000,832.000 626.000,832.000 L658.000,849.000 C658.000,849.000 692.275,853.144 691.000,821.000 C689.725,788.856 692.000,718.000 692.000,718.000 C692.000,718.000 693.112,689.019 753.000,693.000 C812.888,696.981 859.279,708.612 841.000,657.000 C822.721,605.388 798.000,584.000 798.000,584.000 C798.000,584.000 764.216,546.026 813.000,521.000 C861.784,495.974 896.000,471.000 896.000,471.000 C896.000,471.000 915.897,438.780 882.000,427.000 C848.103,415.220 848.000,415.000 848.000,415.000 L800.000,381.000 C800.000,381.000 786.123,351.665 804.000,321.000 C821.877,290.335 840.000,260.000 840.000,260.000 C840.000,260.000 854.890,221.103 826.000,218.000 C797.110,214.897 727.000,220.000 727.000,220.000 C727.000,220.000 689.544,205.798 690.000,167.000 C690.456,128.202 689.000,86.000 689.000,86.000 C689.000,86.000 701.753,34.627 654.000,61.000 C606.247,87.373 606.000,87.000 606.000,87.000 L556.000,115.000 C556.000,115.000 527.381,113.002 516.000,93.000 C504.619,72.998 471.000,12.000 471.000,12.000 C471.000,12.000 450.205,-13.834 434.000,13.000 C417.795,39.834 418.000,40.000 418.000,40.000 L417.000,40.000 L398.000,77.000 C398.000,77.000 370.011,119.006 348.000,116.000 C325.989,112.994 280.000,82.000 280.000,82.000 L247.000,63.000 C247.000,63.000 217.628,53.975 216.000,82.000 C214.372,110.025 216.000,184.000 216.000,184.000 C216.000,184.000 206.915,218.334 175.000,218.000 C143.085,217.666 89.000,217.000 89.000,217.000 C89.000,217.000 34.554,214.862 59.000,259.000 C83.446,303.138 109.000,344.000 109.000,344.000 C109.000,344.000 112.455,368.173 104.000,378.000 C95.545,387.827 93.000,389.000 93.000,389.000 Z"
                ></animate>
              </path>
              <!-- Import your Image  -->
              <image
                class=""
                x="-300"
                y="0"
                href=""
              />
            </g>
          </svg>

          <svg
            viewBox="0 0 1500 1500"
            xmlns="http://www.w3.org/2000/svg"
            xmlns:xlink="http://www.w3.org/1999/xlink"
            width="100%"
            id="blobSvg"
            class="shape"
          >
            <mask id="mask1" mask-type="alpha">
              <path>
                <animate
                  attributeName="d"
                  values="M432.336,405.343 C432.336,405.343 440.629,421.590 427.098,435.147 C409.896,452.380 369.908,463.006 306.613,456.434 C193.527,444.693 107.621,499.988 70.882,541.585 C49.265,566.061 13.957,625.045 2.782,682.085 C-5.034,721.985 5.359,748.698 13.259,814.069 C20.800,876.463 47.259,910.693 70.882,937.538 C107.392,979.026 157.430,981.891 186.128,992.887 C233.397,1010.997 381.678,1034.019 400.905,1035.462 C420.133,1036.904 385.629,1030.987 437.575,1043.977 C469.251,1051.898 444.684,1099.150 427.098,1171.704 C415.845,1218.127 400.677,1285.432 427.098,1324.976 C464.331,1380.703 485.611,1410.260 523.544,1433.876 C554.597,1453.208 596.809,1468.558 668.067,1491.021 C720.530,1507.560 800.697,1502.790 851.413,1482.506 C866.603,1476.431 876.297,1471.576 888.082,1465.475 C917.604,1450.191 944.647,1427.395 966.659,1414.384 C995.042,1397.608 1009.646,1383.695 1013.805,1380.324 C1021.186,1374.343 1052.254,1337.114 1071.428,1295.173 C1085.950,1263.407 1084.840,1224.020 1087.143,1201.507 C1091.822,1155.771 1060.594,1077.173 1081.905,1065.265 C1103.215,1053.357 1108.994,1064.232 1139.528,1056.750 C1163.658,1050.837 1241.578,1040.846 1322.874,992.887 C1378.727,959.938 1434.568,909.007 1464.312,843.872 C1481.450,806.343 1490.790,778.732 1495.743,750.206 C1511.899,657.158 1476.790,605.805 1474.789,601.191 C1473.201,597.528 1462.077,555.188 1432.882,520.298 C1414.037,497.778 1381.679,482.249 1359.543,469.207 C1303.110,435.960 1191.913,422.374 1191.913,422.374 C1191.913,422.374 1149.185,417.665 1139.528,418.117 C1133.341,418.405 1101.181,418.195 1081.905,401.086 C1071.092,391.488 1074.869,370.454 1071.428,349.995 C1061.853,293.068 1059.891,113.536 956.182,56.224 C852.473,-1.088 743.125,-20.690 620.921,26.421 C498.716,73.533 487.689,145.845 463.767,196.724 C439.844,247.601 432.336,405.343 432.336,405.343 Z"
                ></animate>
              </path>
            </mask>
            <g mask="url(#mask1)">
              <path>
                <animate
                  attributeName="d"
                  values="M432.336,405.343 C432.336,405.343 440.629,421.590 427.098,435.147 C409.896,452.380 369.908,463.006 306.613,456.434 C193.527,444.693 107.621,499.988 70.882,541.585 C49.265,566.061 13.957,625.045 2.782,682.085 C-5.034,721.985 5.359,748.698 13.259,814.069 C20.800,876.463 47.259,910.693 70.882,937.538 C107.392,979.026 157.430,981.891 186.128,992.887 C233.397,1010.997 381.678,1034.019 400.905,1035.462 C420.133,1036.904 385.629,1030.987 437.575,1043.977 C469.251,1051.898 444.684,1099.150 427.098,1171.704 C415.845,1218.127 400.677,1285.432 427.098,1324.976 C464.331,1380.703 485.611,1410.260 523.544,1433.876 C554.597,1453.208 596.809,1468.558 668.067,1491.021 C720.530,1507.560 800.697,1502.790 851.413,1482.506 C866.603,1476.431 876.297,1471.576 888.082,1465.475 C917.604,1450.191 944.647,1427.395 966.659,1414.384 C995.042,1397.608 1009.646,1383.695 1013.805,1380.324 C1021.186,1374.343 1052.254,1337.114 1071.428,1295.173 C1085.950,1263.407 1084.840,1224.020 1087.143,1201.507 C1091.822,1155.771 1060.594,1077.173 1081.905,1065.265 C1103.215,1053.357 1108.994,1064.232 1139.528,1056.750 C1163.658,1050.837 1241.578,1040.846 1322.874,992.887 C1378.727,959.938 1434.568,909.007 1464.312,843.872 C1481.450,806.343 1490.790,778.732 1495.743,750.206 C1511.899,657.158 1476.790,605.805 1474.789,601.191 C1473.201,597.528 1462.077,555.188 1432.882,520.298 C1414.037,497.778 1381.679,482.249 1359.543,469.207 C1303.110,435.960 1191.913,422.374 1191.913,422.374 C1191.913,422.374 1149.185,417.665 1139.528,418.117 C1133.341,418.405 1101.181,418.195 1081.905,401.086 C1071.092,391.488 1074.869,370.454 1071.428,349.995 C1061.853,293.068 1059.891,113.536 956.182,56.224 C852.473,-1.088 743.125,-20.690 620.921,26.421 C498.716,73.533 487.689,145.845 463.767,196.724 C439.844,247.601 432.336,405.343 432.336,405.343 Z"
                ></animate>
              </path>
              <!-- Import your Image  -->
              <image
                class=""
                x="-300"
                y="0"
                href=""
              />
            </g>
          </svg>